0,8534
0,79
0,6578
0,5865
0,6618
0,6785
0,5065
1
0,6831
0,6761
1
1
1
0,6673
1
0,6452
1
0,6667
0,5259
0,6713
0,813
0,6947
0,6949
0,6922
1
0,6476
0,6472
1
0,681
1
0,6653
1
1
1
1
1
0,6778
0,66
0,6295
0,4873
0,6878
1
0,6637
0,7048
1
1
0,6465
0,4762
1
0,4644
1
1
0,6608
0,6387
0,7059
1
0,6731
0,7874
1
0,693
0,6921
1
0,7151
0,6743
1
0,6208
0,6928
0,4224
0,6642
1
0,8237
1
0,6738
0,6643
0,6928
0,658
1
1
0,6487
0,6848
0,5086
0,3563
0,6577
1
0,6466
0,7067
1
0,6703
0,663
1
0,7115
0,6949
0,8036
1
0,7167
0,8526
1
0,6735
0,6974
0,7006
0,59
0,3501
1
0,6801
1
1
0,6829
0,6568
0,5973
0,5596
0,8105
0,6835
0,5899
0,656
1
1
1
0,6871
1
0,6903
1
0,6477
0,4797
0,6362
1
1
1
0,7164
1
0,6392
0,6702
0,6465
0,7038
0,6733
0,384
0,6468
0,7786
0,6702
1
1
0,8248
0,6471
0,6687
0,6471
0,6519
0,358
0,6866
0,7826
1
0,6783
0,6097
0,6539
1
0,6497
0,6718
1
0,3622
0,689
1
0,7268
1
1
1
1
0,6801
0,7058
0,801
0,6655
0,5348
1
1
0,657
0,3643
1
1
1
0,7977
0,6295
0,6435
0,6395
1
0,5957
0,6582
0,6635
0,6534
0,6786
1
0,3367
0,6488
0,3563
0,7963
0,6482
0,8264
0,6623
1
1
1
0,674
0,6162
1
0,8266
1
1
1
1
0,691
0,6823
0,6616
1
0,6553
0,5985
1
0,6578
1
0,6651
0,6855
0,7068
0,6773
0,6667
1
0,6449
0,6072
0,6404
0,4686
0,8042
1
1
1
1
0,6661
1
0,6508
0,8087
0,6897
1
0,6705
0,6316
1
0,5844
0,6
1
0,6913
1
1
1
0,6866
1
0,5103
1
1
1
1
0,6689
0,7051
0,5277
1
0,6928
1
0,7267
1
0,6381
0,6908
0,6638
1
0,6004
1
0,6745
1
1
0,6491
1
0,6643
0,679
1
0,681
1
1
1
1
1
0,6759
0,6635
1
1
0,6283
0,6843
1
0,7108
0,7237
0,6578
1
0,5495
0,6657
1
0,6348
0,6749
0,6655
0,674
1
0,6737
1
1
1
0,6669
1
1
1
0,6741
0,8086
1
0,6594
0,659
0,6821
0,6191
1
1
0,4678
1
1
1
1
0,7778
0,7738
0,6827
0,6783
1
0,4555
1
0,6197
1
0,6792
1
0,4952
1
0,7074
0,7473
1
0,7222
0,6774
0,7053
1
0,5198
1
0,6809
1
1
0,6833
0,5362
0,6802
0,8235
0,6636
0,591
0,653
0,7844
1
0,6795
0,6229
0,6235
0,6801
0,5128
1
0,6569
1
1
1
1
1
1
0,697
1
0,9431
0,6823
1
0,579
0,65
1
0,6746
0,5976
1
0,649
0,6568
0,806
0,6474
0,3429
1
1
1
0,6795
1
1
0,668
0,7853
0,6621
1
1
1
1
0,6999
1
1
0,5091
1
0,671
1
1
1
1
1
0,4858
0,6769
1
0,6435
0,709
0,5794
0,6495
0,6804
1
0,6375
1
1
1
1
0,68
0,6127
0,6099
1
0,6818
0,6745
1
0,6807
0,643
1
0,6598
0,5873
0,6642
1
1
0,678
0,4998
1
0,7917
0,6602
0,6468
0,6978
1
0,6455
0,6476
0,7844
0,6706
0,7062
0,6749
0,6952
0,6948
1
0,6533
1
0,663
1
1
0,6598
0,6383
0,5124
0,697
0,6413
0,7137
0,7236
1
0,7063
0,6406
0,7079
0,6117
1
1
0,7933
1
0,7033
1
0,6593
0,6921
0,6436
1
0,6246
0,6521
0,6819
0,6634
1
1
1
0,6408
1
1
0,4667
0,6882
0,6198
1
1
0,5064
0,5833
1
0,7749
0,6671
0,6556
0,7052
0,6582
0,6421
0,6838
0,8067
0,7834
0,6159
1
0,3607
1
0,6987
0,6299
1
0,6885
0,4776
0,5936
0,5112
1
0,6747
1
0,7797
1
1
0,5261
1
1
0,6034
1
0,6709
1
0,8049
1
1
1
0,5705
0,6435
0,6527
0,6834
0,6781
1
0,8075
1
1
0,6709
0,6411
0,6548
1
0,8266
0,6401
1
1
1
1
0,6259
1
0,6459
0,6782
1
1
0,6318
1
0,9019
0,6776
0,4815
0,6186
0,6395
1
1
1
1
1
0,3755
1
0,6268
0,5213
1
0,7308
1
1
0,6912
0,7357
1
0,4918
0,6505
0,6357
1
0,6617
0,6906
1
1
1
1
0,6667
0,6597
1
0,6491
0,6668
1
0,697
0,7982
0,6592
1
0,6818
0,6505
1
1
0,6157
1
0,5851
0,6689
1
1
1
0,6348
0,6574
1
0,6147
1
1
0,6697
0,7242
0,6839
1
1
1
0,6671
0,5869
0,6995
0,6642
1
0,3966
0,6291
0,7042
0,7984
1
1
0,7123
0,6673
1
1
1
0,6724
0,6885
0,8149
1
0,3529
1
0,4868
0,8159
0,6639
1
0,7778
0,8351
1
0,5979
0,6585
1
0,528
0,684
0,6908
1
1
0,6578
0,6772
1
0,6629
0,6849
0,8459
0,6582
1
0,3687
0,5127
0,6262
0,6131
0,6932
0,6678
1
1
1
1
1
1
0,6601
1
1
0,5173
0,697
1
0,7995
0,6844
1
1
0,6752
1
0,8289
0,597
0,6845
1
0,6265
1
1
0,6074
1
0,3632
0,4908
0,7013
0,676
0,8035
1
1
1
0,6357
1
1
1
0,6834
0,7852
0,3601
0,6514
0,7896
0,6666
1
0,6841
0,6528
0,7043
1
0,6797
1
0,6317
0,646
1
0,6591
1
0,6741
1
0,6788
0,8156
0,6466
0,6447
0,6582
1
0,4628
0,7035
1
0,5047
0,6684
0,6645
0,5088
1
0,6708
0,6498
0,627
0,5839
0,6757
0,6141
1
0,4889
1
0,7835
0,6579
1
0,6574
0,6584
1
0,6838
1
0,6725
0,3448
0,6326
0,6424
1
0,6819
0,6703
0,6803
1
1
1
0,5648
1
0,4412
0,6409
0,6561
0,667
1
0,7112
0,7049
0,7099
0,6231
0,719
0,691
0,638
0,8123
1
1
0,6469
1
1
1
0,9174
0,6136
0,8259
0,6522
1
0,6291
1
0,6585
1
0,6575
0,6646
0,5534
1
0,8787
0,5488
0,692
0,442
0,5861
0,672
1
1
1
0,6502
1
0,4735
1
1
1
0,6389
0,6778
0,6699
1
0,6786
0,7014
0,6205
1
0,6082
1
0,668
0,6988
0,6739
0,6663
1
0,6181
0,8172
0,6572
0,6434
0,669
1
0,6978
0,6713
1
1
0,6823
1
0,6435
0,4661
1
0,6553
0,7234
1
0,673
1
0,6734
0,8731
1
1
1
0,709
0,6987
1
0,472
0,6058
0,5365
0,678
0,7906
0,6797
1
0,6428
1
0,6208
0,465
0,8369
0,635
1
1
0,8253
0,6396
0,5768
0,5126
1
1
0,6457
0,6733
1
1
0,6314
0,6088
0,6531
1
0,5778
1
0,6989
1
0,6393
1
0,643
0,6165
1
1
0,7904
1
0,5934
0,6528
0,6778
0,6563
0,6476
1
0,666
0,6678
1
1
1
1
1
0,6983
1
0,615
0,6667
0,6483
0,5729
0,617
1
0,6717
1
0,6787
0,7141
0,7126
0,6585
0,6984
1
1
0,6371
1
0,6437
0,6596
1
0,6861
1
0,6215
1
0,6782
0,635
0,5178
0,6706
0,691
1
1
0,6611
0,7282
0,6851
0,6833
1
0,6467
1
1
0,7119
0,4786
0,6705
1
0,6689
0,6665
0,6933
1
0,5321
1
1
0,6416
0,5288
1
0,6971
1
1
0,6869
0,6476
1
0,6609
1
1
1
0,7021
0,6262
0,6186
0,6649
0,7793
0,7198
0,6716
0,6674
0,6725
1
0,6451
0,677
0,6927
0,8477
0,8033
1
0,7053
0,7114
0,6972
0,4908
1
1
0,6848
0,6445
1
1
0,6421
0,6723
1
1
1
1
0,6547
0,6522
1
0,6752
1
0,6527
0,6558
0,6741
1
1
0,6776
0,6369
0,678
1
1
1
1
1
1
1
0,369
1
0,8041
0,6229
0,5504
1
0,9514
1
0,6604
0,6193
0,6934
1
1
1
0,6917
0,6926
1
0,8017
1
1
0,8282
1
0,655
1
1
1
1
0,6921
0,4812
0,655
0,8037
0,6528
1
1
0,6427
0,6732
0,6649
1
0,7066
0,6923
0,5872
0,7917
0,6716
1
0,6893
0,6514
1
1
0,6584
1
1
1
0,6438
0,7816
0,6831
0,6629
0,6651
0,6878
1
0,6533
0,6741
0,7377
1
1
0,5067
1
1
0,6741
0,6297
0,7395
0,6585
0,5086
0,6908
1
0,6917
0,6892
1
1
1
0,6678
0,6691
0,695
0,6827
1
0,6864
1
0,6825
1
0,6622
0,6479
0,6611
0,6858
0,6482
0,655
0,6575
0,811
1
0,7538
0,6572
0,6391
0,6685
0,6894
1
1
1
1
0,9344
0,6819
1
0,6925
0,6738
1
0,6531
0,6997
0,5683
0,7424
0,6475
1
0,7989
0,7794
1
0,65
0,6563
1
0,695
0,682
0,6632
0,6536
1
1
1
0,6631
0,6324
1
0,7043
0,6614
0,6417
1
1
0,6435
0,5214
0,4248
1
1
0,6692
0,6503
1
0,6336
0,6964
1
1
1
1
0,6384
0,6042
1
1
0,6343
0,6512
0,7859
0,6818
0,6773
0,6449
1
1
0,6037
0,638
1
0,865
0,687
0,6443
0,6788
0,6961
1
1
0,681
0,3747
0,6941
0,6768
0,7334
1
1
0,627
0,3743
0,6717
1
0,6929
0,7178
0,683
0,477
1
1
0,6483
0,5944
1
1
0,6577
1
0,7323
1
0,6892
1
0,6073
0,6757
0,484
1
0,7922
0,8235
0,6842
0,6192
1
0,6678
0,649
0,6359
0,4775
0,6664
1
1
0,6162
0,6967
0,6499
1
1
0,478
0,6536
0,6293
0,7107
0,6986
0,6172
0,6839
0,8269
0,6509
0,6784
0,6457
0,7881
1
1
1
0,4811
1
0,7027
1
1
1
0,8518
1
0,7726
0,4953
0,6233
0,6621
0,682
0,3521
0,6833
1
0,7789
0,6838
0,8285
0,7987
0,6393
0,6432
0,6376
0,6541
0,6641
1
0,4868
1
1
0,6426
0,3464
0,6944
0,8166
0,683
0,7868
1
0,6531
1
0,5844
0,5773
1
0,4157
1
0,518
1
0,6186
0,7937
0,8133
0,6487
0,3475
1
1
0,8845
1
1
0,803
1
0,821
1
1
1
1
1
0,6594
0,6444
1
1
1
0,6784
0,6715
0,6857
0,6884
0,6862
1
0,6764
1
0,6124
0,7025
0,6959
0,5209
1
1
1
1
1
0,7031
0,6058
0,6756
0,6916
1
0,6585
0,6295
1
0,6399
0,6617
0,6378
1
0,8164
0,6895
0,6558
1
1
1
1
0,8033
0,8006
0,598
1
1
0,6224
1
0,6874
1
1
0,6486
0,634
0,6819
0,6933
0,477
0,688
1
0,883
1
1
0,6529
0,6697
0,6731
0,7261
0,6539
0,798
0,7042
0,7127
0,6839
1
1
1
0,4653
0,6561
0,5092
0,6437
1
0,6976
0,5133
0,4046
0,6676
0,8887
0,6605
0,9073
0,6738
1
0,7997
0,7991
1
0,6552
0,6478
1
1
1
1
1
0,6613
0,8451
0,6648
1
0,6671
0,6852
1
0,9234
1
1
0,5693
0,6312
0,6229
0,6397
1
0,6778
0,6561
1
0,6206
1
0,81
0,6602
1
1
1
1
1
0,7025
0,6446
1
1
0,599
0,659
1
0,6867
0,6766
1
1
1
0,6307
1
0,5324
1
0,6803
1
1
0,6778
1
1
1
0,6928
1
0,6758
1
0,6908
1
1
1
0,7083
0,699
0,7078
0,67
1
0,6532
0,8123
1
1
0,6835
0,6499
0,6894
1
1
1
1
1
0,7278
0,6494
0,631
0,5799
1
1
0,6599
1
0,8121
0,4812
1
0,6776
1
1
1
0,7994
1
0,6426
0,6698
0,7931
0,5868
1
0,6602
1
1
0,682
1
0,6205
0,6719
1
0,4863
1
0,6783
1
0,6894
1
0,7145
0,5763
1
1
1
0,8206
0,6501
0,5552
1
0,6813
1
0,6756
1
1
1
1
0,4131
0,7069
1
1
1
1
0,6546
1
1
0,6637
1
1
0,6749
1
1
1
0,501
0,7005
0,6359
0,6959
1
0,6906
0,7864
0,6814
0,672
0,7032
1
0,7956
1
1
0,8033
0,6467
1
0,6568
1
0,6699
0,6567
0,6463
1
0,6904
1
1
0,4785
0,6687
0,6445
0,6576
1
0,7057
1
0,6385
1
0,668
0,676
0,6604
0,7973
1
1
0,6459
0,6449
0,6951
0,7871
0,6633
0,361
0,6582
0,6648
1
0,3488
1
1
0,708
1
0,6585
1
0,6822
0,825
0,6579
1
0,6415
0,6254
0,6517
1
1
0,6783
1
0,6884
0,6347
1
0,6359
1
1
1
0,5875
1
0,6706
1
1
0,6058
1
0,6406
1
1
1
1
0,7917
0,697
0,8771
0,699
0,5781
1
1
0,6991
1
0,7951
0,7133
0,6543
0,6824
1
0,577
0,5105
1
0,8231
0,6832
0,6444
0,581
1
0,6973
0,6546
0,754
0,5247
0,6681
1
1
0,8145
0,8929
1
0,6762
1
0,8012
1
1
1
1
1
0,6387
1
1
1
0,7119
0,6894
0,7072
0,6615
1
1
0,6544
0,632
0,6686
0,806
0,695
0,6593
1
1
1
0,7024
0,5165
0,686
1
1
1
0,6879
0,6952
0,3518
0,4752
0,6547
0,6604
0,6638
1
0,6538
0,3622
1
1
0,6889
0,6527
0,6507
1
1
0,654
0,6674
0,6678
1
0,6645
1
0,6657
1
0,6422
0,6931
1
0,6845
0,6757
1
0,4027
0,6858
0,6621
1
0,6709
1
1
1
0,5326
0,6606
0,6099
1
0,665
1
0,8201
1
1
1
1
1
0,818
0,5094
1
1
1
0,6811
1
0,806
0,8025
0,6879
1
0,6724
1
0,6833
0,5787
1
1
1
0,7732
0,6933
0,5998
1
0,365
0,6642
0,6996
0,6917
0,5891
0,8052
0,6078
0,6809
1
0,4925
0,6383
0,6102
0,6686
0,6162
1
0,6936
1
0,6939
1
0,6102
1
0,7857
0,6483
0,723
1
1
0,6772
0,8033
1
1
0,7105
0,6472
0,8142
0,7863
0,6459
0,799
1
0,6733
0,6267
1
1
1
0,6207
1
1
0,7088
1
1
0,6952
0,6768
0,6615
0,7251
0,8899
0,6894
0,6706
1
0,641
1
0,6443
0,6506
0,7097
0,6457
1
0,3584
0,4903
0,5492
1
0,6854
0,5148
0,5199
0,6413
1
1
1
0,6593
0,6617
1
1
1
0,6096
1
0,7368
0,7013
0,6812
0,7645
0,7086
0,6967
1
0,5337
1
1
0,6349
1
0,6683
1
0,7138
1
1
1
0,66
0,6437
0,8221
1
0,661
0,6831
1
1
0,6621
1
0,6493
0,7104
1
0,6449
0,6476
1
0,6362
1
0,878
1
0,7736
1
0,6663
0,6173
1
0,6991
0,6458
1
1
1
0,6114
1
1
0,6105
0,6378
0,6746
0,6876
0,3442
0,7072
0,6855
1
0,5972
0,4878
1
0,6472
0,6884
0,6161
1
0,6397
0,7894
0,6558
1
1
0,5059
0,6642
0,5837
1
0,6555
0,6656
1
1
1
1
0,6812
1
1
1
0,6731
0,6872
0,6522
1
1
0,6734
0,7037
1
1
0,6815
1
0,5046
0,632
1
1
0,7018
0,426
0,653
0,6842
0,6227
1
0,78
1
1
1
1
0,5246
0,6585
0,6398
0,7554
1
0,6495
0,6541
0,5194
1
1
0,6645
1
0,6805
1
1
1
0,6817
0,6513
1
0,5862
1
0,6647
0,6766
0,5907
1
1
1
0,7399
0,8238
0,7923
0,6773
0,7952
1
1
0,679
1
0,6678
1
0,6863
0,6807
0,7096
0,4677
0,4981
0,6104
1
0,6912
1
1
0,6411
1
0,6564
0,6788
1
0,4108
0,6552
0,6328
0,6788
0,6167
0,6618
0,6876
1
0,4802
1
0,6493
1
0,6379
0,6458
1
0,4889
1
0,7078
0,651
0,5985
0,7036
1
0,6837
0,7076
0,8165
1
0,4876
0,5872
1
0,8235
0,7109
0,6805
0,6602
0,6837
0,6128
1
1
1
1
0,6939
0,7971
0,5752
0,6334
0,6818
0,6983
1
0,6919
0,6017
1
1
0,8029
1
0,7024
0,6822
0,6648
0,6058
1
1
1
1
0,5932
0,9319
0,6042
1
1
0,6644
0,6548
1
1
1
0,8043
1
0,6293
0,6686
1
0,6469
0,719
1
0,7824
0,7234
0,8009
1
0,6617
0,6662
0,6996
0,5242
0,6719
1
0,6509
0,6607
0,5644
1
1
1
0,6691
1
0,6187
1
0,6449
0,4901
0,7637
1
0,5725
0,651
0,6868
0,687
0,5122
1
1
0,6651
1
1
0,6591
1
0,8618
0,671
1
0,8087
1
1
0,5075
1
1
0,7089
1
1
1
0,7844
1
1
0,6377
1
1
1
0,6644
0,668
0,6748
0,6774
0,6922
1
0,6877
0,6733
0,6526
1
1
1
1
0,4623
1
0,8008
0,6664
0,646
1
0,6336
1
1
1
1
0,7097
1
0,6359
1
1
1
0,6541
1
1
0,8026
0,9132
1
0,6414
1
1
1
0,7959
0,6908
0,7759
1
0,7917
1
1
0,6522
0,6759
1
0,6568
1
0,6818
0,7898
0,6371
0,469
0,6658
1
0,6155
0,6792
0,7199
0,6644
0,6605
0,6922
0,6634
0,6061
0,6722
0,7077
1
0,7115
1
1
1
1
1
1
0,6971
0,6795
1
0,6796
0,6453
0,6717
1
0,6821
1
1
0,6834
1
0,4783
1
0,5832
0,6708
1
0,6364
1
0,5978
0,6555
1
0,6066
0,6609
0,6314
0,6667
0,6272
1
0,685
1
0,6528
1
0,6535
1
1
0,7128
0,6845
1
1
0,7073
0,6242
0,6381
0,8996
0,3524
1
0,6631
0,7136
1
1
1
1
0,675
0,6582
1
1
0,6481
1
0,5736
0,5243
0,6563
0,8442
1
0,6223
1
1
0,6603
0,6706
0,6523
1
1
0,6562
1
0,8061
0,6498
1
0,6588
0,6889
0,6631
0,5683
1
0,6996
1
0,7164
0,7934
0,6716
0,635
0,8239
0,8081
0,5685
0,6817
0,6737
0,6675
0,8168
1
1
0,627
0,6151
1
0,5576
0,4913
1
1
1
0,6694
0,6648
0,7239
0,7083
1
0,6554
1
0,6722
1
1
0,7023
1
0,6643
0,6988
1
0,6783
0,6805
1
1
0,684
0,6193
1
1
1
0,7125
0,685
0,6781
0,6918
1
1
0,668
0,6581
0,788
1
0,4606
1
1
1
0,8205
1
0,6456
0,708
0,6574
0,6982
1
1
1
0,4718
0,685
0,6778
0,6357
0,6921
1
1
0,7967
0,6327
1
1
0,691
0,6814
1
0,6557
0,5072
0,6874
1
0,6651
1
0,6751
1
0,6851
0,6709
0,7043
1
1
0,714
1
0,653
1
0,6436
0,6845
0,798
1
0,6857
0,6522
1
1
1
0,6678
1
0,6877
0,6258
1
1
1
0,6921
0,7732
0,6588
0,6768
0,6958
0,7075
0,6634
1
0,6602
0,6749
0,6519
0,6756
0,787
1
0,6652
0,6505
1
0,6895
0,6571
1
1
0,6532
0,6479
0,6619
0,6704
0,8136
0,6729
0,6762
0,643
0,8156
1
0,6892
1
1
0,6526
0,7292
0,6606
0,5048
0,6392
1
0,6467
0,8374
1
1
0,6511
1
0,83
0,8237
1
0,6977
0,7885
0,65
1
0,6667
0,671
0,6467
0,6588
0,8037
1
1
1
0,7224
0,6208
1
0,3596
1
1
0,708
1
0,7242
0,5387
0,6551
0,6485
0,6462
1
0,6476
0,6536
1
0,6848
0,6855
0,6713
0,6925
0,6558
1
0,6512
0,6765
1
0,7621
1
1
0,6792
1
0,8433
0,7146
0,6723
0,7936
0,6913
0,4816
1
0,7149
1
1
0,694
0,6434
0,6688
0,6624
0,6591
0,8814
1
0,6915
1
1
0,6694
1
0,6042
0,6968
1
1
0,6234
1
0,6519
0,6751
1
0,9183
0,7674
1
0,6733
1
0,7047
0,6727
0,6794
1
0,6587
0,6847
1
0,6544
0,7076
0,6714
0,64
0,6931
0,3549
1
0,6566
1
0,6128
0,8175
1
0,7001
1
0,6135
0,6304
1
0,6801
0,6276
0,6532
1
0,6196
0,3806
0,6812
1
0,6596
1
1
0,6703
0,7778
0,635
0,4665
0,515
0,696
0,3544
0,6554
0,723
0,7092
0,478
0,6711
0,6577
1
0,6966
0,8205
1
0,6517
0,6476
0,6421
1
1
1
0,6672
1
0,911
0,6477
0,6462
0,655
0,6699
0,7162
0,6565
0,8119
0,6631
1
0,6749
0,6261
1
1
0,6371
0,6073
0,7749
1
0,6843
0,6749
0,6971
0,7227
0,775
1
0,6453
0,7994
0,7088
1
0,719
0,7186
0,6664
1
1
1
0,683
0,667
0,6889
0,8851
0,6802
0,7152
0,6928
0,8061
1
1
0,6107
1
0,6859
1
0,7774
0,6699
0,6895
0,6716
0,6724
0,6843
1
0,7835
0,672
1
0,668
0,7884
0,7183
1
1
1
0,6808
0,7333
0,5755
0,6757
0,6878
1
0,7955
0,652
0,6694
0,7994
1
0,6761
0,6771
1
1
1
0,6969
1
0,6833
0,8235
1
0,5961
1
1
0,6641
0,693
0,7261
1
0,6961
0,7916
1
0,398
1
0,6774
0,4797
0,5716
1
1
1
0,6451
0,6851
1
0,7011
1
1
0,6446
1
0,6446
0,6466
0,348
0,814
0,5901
0,6742
0,6713
0,762
0,7199
0,6481
1
1
0,6413
1
0,646
0,5944
0,6908
0,6507
1
1
0,6706
0,6094
1
0,6554
0,6408
0,6337
1
1
0,6694
0,8085
0,9605
0,6731
1
1
1
1
1
0,6578
1
1
1
0,6646
0,6912
0,6195
0,6494
1
0,647
0,6564
1
1
1
0,6421
0,669
0,7186
0,5849
1
0,6674
0,5821
0,6349
0,6761
0,6672
0,6172
0,6592
0,6689
1
1
0,8085
0,5157
1
0,9309
0,8233
1
0,6894
1
1
1
0,692
1
1
0,6782
1
0,6715
1
1
0,598
1
0,5144
0,6529
0,5988
0,5973
0,7452
1
0,6203
0,8557
1
0,3596
1
0,621
1
0,6528
0,7758
1
1
1
0,9318
1
0,6591
0,6748
0,4964
0,5044
1
0,5059
1
0,7015
0,7009
1
0,7018
1
1
0,6334
1
0,6421
0,6504
0,5904
1
0,6854
0,6681
1
1
0,6853
1
0,6655
0,643
0,6725
0,6613
0,7056
0,5313
0,6535
1
0,8294
0,6415
0,6544
1
0,681
1
0,6422
1
1
1
1
0,6823
1
0,6508
1
1
1
1
0,6884
1
0,6759
0,6641
0,5748
0,5892
1
0,6884
0,6746
0,6444
1
0,7092
0,6713
1
1
0,7037
0,67
1
0,7032
1
1
1
1
1
0,6058
0,5281
0,8061
1
0,4991
1
0,8442
1
0,8272
0,667
0,8241
1
0,6015
0,597
0,6818
0,6624
0,7386
0,5599
1
0,6614
0,4283
0,6499
0,665
0,6835
0,8212
1
0,6684
0,674
0,8157
0,6842
1
1
0,6531
0,6488
1
0,5087
0,6768
0,6515
1
0,7237
0,6577
0,6397
0,6736
0,8058
0,5298
0,664
1
1
1
0,6563
1
0,6347
0,6809
0,6539
0,6575
1
0,673
0,6975
1
1
0,6781
0,8039
1
1
1
1
0,6498
1
1
0,6874
1
0,6362
0,8123
0,6518
0,6015
0,6609
1
0,6295
1
0,6926
0,4594
1
0,515
0,6873
1
0,6834
0,6704
0,6301
0,6422
0,6445
1
1
0,8121
1
1
0,6997
1
0,6702
1
0,3563
0,669
0,6676
0,6699
1
1
0,6647
1
0,6734
0,7124
0,649
0,6834
1
1
1
1
1
0,6682
0,8108
0,5904
0,8205
1
1
0,6099
0,6242
1
0,6578
1
0,6849
1
1
1
0,6689
0,5966
0,6961
1
1
1
0,5865
0,6866
0,6716
0,6828
1
0,6065
0,7177
0,6871
1
0,7043
0,7147
1
1
1
0,6861
0,6665
1
0,4857
1
0,49
1
0,6725
1
0,6996
0,3649
1
0,7005
0,6467
1
0,6481
0,6632
0,8141
0,8216
0,6653
0,6415
0,6724
0,6854
0,6643
0,6041
1
0,6844
1
0,7111
0,6121
0,7231
1
0,8165
0,6817
0,6937
0,7723
0,6566
1
0,657
1
1
1
0,7918
0,6391
1
0,6652
1
0,6184
0,6749
0,7087
0,6481
1
1
1
0,8025
1
1
0,6293
1
0,7186
0,6655
1
1
0,6265
0,6418
0,7798
0,6755
1
0,6984
1
1
0,5063
0,5559
0,6595
0,5127
0,6789
0,8824
1
1
0,676
0,3511
1
0,7107
1
0,6888
0,6524
0,6501
1
0,6592
0,7665
1
0,6435
1
1
0,6726
1
0,6555
0,4785
0,7281
0,6477
0,7084
0,6721
0,648
1
1
0,6327
0,6624
0,8488
0,6475
1
0,6642
0,801
1
1
0,6539
0,6624
0,8024
0,457
0,6607
0,655
0,6807
0,4454
0,6801
0,4944
1
1
1
1
0,7167
1
1
0,8282
0,6516
0,6346
0,8049
0,6658
0,5862
1
1
0,649
0,6512
0,6876
1
0,4561
1
1
0,6088
1
1
0,6648
0,6397
1
0,695
1
1
1
0,6434
1
1
0,6573
0,6559
1
0,6538
1
0,6523
1
1
0,6774
1
1
0,7853
0,7483
1
0,6292
0,7132
1
1
0,7084
1
1
1
1
0,6889
0,8116
0,6405
1
0,6485
0,6484
0,6715
1
1
0,5556
0,701
0,6743
1
0,6814
1
1
0,6982
0,6734
1
1
0,6819
0,6745
1
0,6768
0,6361
0,6242
0,6926
0,6521
1
0,8085
1
0,8133
1
1
1
1
0,6485
0,6909
1
0,6702
0,8078
0,6723
1
0,671
0,6363
1
1
0,5067
0,7188
1
1
1
0,6353
1
0,6644
0,6775
1
0,6909
1
0,5904
0,3451
0,6592
0,6786
0,6653
0,6546
0,6554
0,6537
1
1
1
1
0,67
0,7152
0,6588
1
0,8221
1
0,6787
0,6969
1
0,6871
0,6967
0,6206
0,6228
1
1
1
1
1
1
0,4738
1
0,6942
1
0,6361
0,6268
1
1
1
0,6646
1
0,6538
0,8197
0,6432
1
0,6034
1
1
0,6739
0,6557
0,6646
1
1
1
0,6686
0,6324
0,6532
0,4972
1
0,7058
0,3776
0,6736
0,774
1
1
0,6809
1
1
1
0,7819
1
0,7015
0,5843
0,69
1
0,6365
1
0,6199
1
0,6185
1
1
0,7079
0,6662
0,7175
1
0,6887
0,6649
1
1
0,7523
1
0,6476
1
1
1
1
0,6966
1
0,9336
0,6822
0,6667
0,6875
0,6886
0,6786
0,6668
0,646
1
0,7148
0,6462
0,6736
0,5062
1
0,6705
0,6279
0,679
0,6479
0,7107
0,7791
0,6916
0,6315
0,6402
0,7693
1
0,6666
1
0,6111
0,7907
0,7968
1
0,7164
0,8123
0,8823
0,6833
0,817
1
0,6821
1
0,663
1
1
1
0,6686
1
0,68
0,3628
1
1
0,6599
1
0,6591
1
0,7133
0,6859
0,69
1
0,7815
0,6769
1
1
1
1
0,6283
0,6552
1
0,6621
1
0,6568
0,6824
0,632
1
0,6412
0,6576
0,9368
0,3553
0,6261
0,696
1
0,8163
0,6046
0,4526
0,8123
0,6744
1
0,6255
0,5054
1
1
0,6705
0,617
0,6761
0,6608
0,6615
0,6602
0,8324
1
0,6372
0,7082
0,6228
0,7035
0,3366
0,7126
0,6861
0,6877
0,6321
1
0,6682
0,6515
1
1
0,6468
1
1
0,6899
1
0,6483
0,6738
0,6643
1
0,6535
1
0,6413
0,6295
0,6688
0,6857
0,6359
0,6618
0,632
1
0,4998
0,7009
0,681
0,8023
0,6455
0,6318
0,8122
1
0,6352
0,6552
0,672
1
0,4577
0,696
0,6559
0,8278
0,6611
0,6321
0,6789
0,6
0,6635
0,8053
0,6511
0,6285
0,6678
0,6976
0,6664
0,7073
0,6568
1
1
0,6272
0,6248
1
1
1
0,6499
1
1
0,3524
1
0,6635
0,6352
0,6875
0,6887
1
0,7835
1
0,4728
1
1
0,6727
0,5906
0,6621
0,6048
0,6434
1
0,6717
1
1
1
0,4777
0,6792
1
1
1
0,7075
1
0,4825
0,6565
1
1
1
1
1
0,6685
1
0,7129
1
1
0,6061
1
0,6452
0,819
0,7865
0,7046
0,7967
0,6371
0,6533
0,5209
0,7204
1
0,6822
0,7043
1
0,3467
1
0,6832
0,4831
0,7874
1
1
0,5851
0,3568
0,6305
0,6814
0,6828
0,6007
1
0,6333
1
1
0,5865
0,6688
1
0,6655
1
0,4562
0,6368
0,4805
0,7775
0,6772
0,6602
0,3542
1
0,6222
0,6936
0,8767
1
1
0,6765
0,6962
0,4146
0,716
1
1
0,6664
0,9128
0,6912
0,8275
1
0,596
0,7014
0,7041
0,7847
0,6502
0,6591
1
0,6258
1
0,7925
0,6855
1
1
1
0,6856
0,6501
1
0,6695
1
0,8068
0,6169
0,6687
0,6334
1
0,653
0,6017
1
0,3717
0,6217
0,6671
0,8116
0,6871
0,6809
1
0,6265
0,6764
1
1
1
1
0,623
1
1
0,5134
0,6866
0,6648
1
0,6868
1
1
0,6105
1
0,5318
1
1
0,6761
1
0,6984
0,6837
0,5187
0,6381
1
1
0,5079
1
1
0,665
0,4767
1
0,6404
0,6294
1
0,3623
0,6983
1
0,6555
1
1
0,6287
1
0,5933
0,6905
0,6751
1
1
0,6614
1
0,6271
0,6876
0,6818
0,6535
1
0,7991
0,6408
0,6769
0,6617
0,686
0,6786
0,823
0,7183
0,4903
0,6942
0,6296
0,6456
0,6849
1
1
0,598
1
0,6899
0,67
1
0,6486
0,6494
0,6742
0,6467
1
0,6779
0,6845
0,6922
0,692
0,6877
1
0,6711
0,6603
1
0,6788
0,5745
0,6275
0,6659
0,6354
0,6416
0,6857
0,674
1
0,4592
0,6682
0,6909
0,6077
0,6499
1
0,6254
1
1
0,697
0,9298
0,643
1
1
0,6476
1
1
0,6901
0,7923
0,6774
0,6543
0,5704
0,6572
1
0,6533
1
0,6435
1
1
0,6974
0,6646
0,6786
1
0,6245
1
0,9241
0,652
0,8046
1
0,6401
1
0,6331
1
0,6877
1
1
0,6691
1
0,634
0,6058
1
0,7308
0,6572
0,6694
0,6442
1
0,6537
0,6801
0,6662
1
0,653
0,6336
0,6815
1
1
0,8039
1
1
1
0,6513
0,6423
0,9234
0,6658
0,6781
0,6242
0,6796
1
0,8085
0,8298
1
1
1
1
0,7816
1
1
0,3701
1
1
1
1
0,6972
0,6856
0,6812
1
1
1
0,6467
1
0,6415
1
1
1
0,6703
1
0,6935
1
1
0,606
1
0,6387
0,5092
0,5986
0,7221
0,7058
1
0,8221
1
0,7021
1
0,7044
0,6945
0,7092
1
0,629
1
1
0,6729
0,6652
1
0,6449
0,7086
0,7777
1
1
0,7127
0,6686
0,6732
0,7917
1
1
0,6457
1
1
0,7918
0,8148
0,6025
1
1
0,674
0,6549
0,709
1
0,8152
0,7967
0,6854
1
0,6597
0,6566
0,6506
1
0,8067
1
0,6698
0,7965
0,6915
0,6797
1
0,6762
1
0,71
1
0,6562
1
0,6455
1
1
1
1
0,6736
0,6844
0,678
0,6714
0,7753
0,6298
1
0,7913
0,7453
0,3645
0,6602
0,6204
1
1
1
1
0,6795
0,5121
1
1
1
0,4881
0,6755
0,6581
0,6687
0,6403
1
0,8552
0,8093
0,6578
0,6372
0,646
1
0,6546
0,6829
0,6746
0,6728
0,6549
0,5324
0,5864
0,6687
0,6495
1
1
1
0,6634
0,676
1
0,6621
1
1
0,6502
0,6585
0,6637
0,6573
1
0,5286
0,3711
1
1
0,6713
0,7067
0,6414
0,6713
1
1
1
0,6714
0,643
0,6847
0,6486
0,6647
1
0,6964
0,7973
0,6638
1
0,6653
1
0,6946
0,6923
0,7021
1
0,6807
0,8105
0,678
0,6865
0,6774
0,6076
0,7532
0,6646
0,6025
0,5846
1
1
0,4917
0,8199
0,6615
0,6585
0,6029
0,6856
0,65
0,7205
0,6354
0,5331
1
0,6531
0,6943
0,6404
1
0,6508
0,6271
1
1
0,4588
1
1
0,6905
0,686
0,6391
1
0,7019
1
1
0,5971
0,5078
1
0,6478
0,6212
1
0,6495
0,7189
1
0,7042
0,6343
0,6787
0,6559
0,6667
1
0,6853
0,8182
1
0,499
0,6714
0,806
1
1
0,8372
0,6786
0,6627
0,7111
1
0,6724
0,6486
0,5138
1
1
0,6635
1
0,6216
0,6757
0,6008
0,6868
0,7195
1
0,6756
1
1
0,6896
0,724
0,4905
1
0,7244
0,6457
0,6643
0,6895
1
1
0,6667
0,6981
0,492
0,5906
1
0,7044
0,7719
1
1
1
0,6643
0,6482
0,7085
1
0,6277
1
0,674
0,7774
0,6617
1
0,6865
1
0,519
0,5889
0,6529
1
0,6358
1
0,6987
0,6641
1
0,6634
1
0,8068
0,6656
0,6753
0,6988
1
1
1
0,7645
1
1
0,6328
0,4793
0,6416
0,6922
0,6769
1
0,6596
0,6826
1
0,6396
0,6794
1
0,6691
1
0,681
1
0,6576
1
1
0,6835
0,6656
1
0,6918
1
1
0,6546
0,6746
1
0,6965
0,6759
1
1
1
1
0,6579
0,3614
0,6989
0,8259
0,7006
0,8004
1
0,687
0,7183
0,5188
0,69
0,4403
0,6575
1
0,6807
0,6995
0,6946
1
0,5928
0,6864
1
1
0,6708
0,695
1
0,4935
1
1
0,4711
1
0,6343
1
1
1
1
1
0,6404
1
0,6399
0,7108
0,6551
0,7096
0,8098
0,8018
0,359
0,6535
0,7866
1
0,5223
0,6984
1
1
0,7796
1
1
1
0,7087
0,6145
0,6812
1
1
1
1
1
1
0,6038
0,6978
1
0,6313
1
0,6746
1
1
1
0,6943
1
0,6434
1
0,6462
0,6357
0,7808
0,6781
0,6358
0,6383
1
0,6603
0,634
0,8233
0,4916
1
1
0,782
1
0,4795
1
0,6505
0,6857
1
1
0,6809
0,4167
0,6639
0,4857
0,7133
0,652
0,6702
0,6957
1
0,6942
1
1
1
1
0,6507
0,7028
1
0,6626
1
0,463
1
0,5318
0,6383
0,542
0,676
1
1
0,5828
0,6667
0,8037
0,8305
1
0,7114
0,6503
1
1
0,6697
0,8243
0,6814
0,9306
1
0,6507
1
1
0,6952
0,672
1
0,5127
0,3523
1
0,8059
1
0,689
0,6485
1
0,6742
0,6537
1
1
0,6642
0,4733
1
0,4758
0,6628
0,6462
0,6623
0,6891
0,7047
1
1
0,5775
0,683
0,6274
0,6266
0,6082
0,6101
0,6602
0,6984
0,6698
0,5959
0,4959
1
0,6849
1
0,3496
0,673
1
0,622
0,6598
0,5382
1
0,6944
0,441
0,6972
1
0,6686
0,5353
0,6519
0,6243
1
0,7128
0,6894
0,683
0,6999
0,8236
1
0,5401
0,6944
0,6439
0,635
0,6619
1
0,679
1
1
1
0,6663
1
1
0,8185
1
0,7032
1
1
0,6729
0,6774
0,68
1
1
1
0,8055
1
1
0,6346
0,6966
0,6481
1
1
0,6557
0,6333
0,7032
1
0,6988
0,6597
0,657
0,6063
0,6458
1
0,6387
0,6973
1
0,6834
1
1
0,5114
1
1
1
0,658
1
0,6957
1
0,9679
0,6032
1
1
0,6557
1
0,6384
0,6585
1
1
1
1
1
1
0,6495
0,6591
1
0,6844
0,6103
0,689
0,6592
0,6971
1
1
1
0,6576
1
1
0,6808
1
0,6656
0,6768
0,8008
0,6688
0,7911
1
0,6933
0,6623
1
1
1
0,6714
0,6781
0,7509
0,653
1
1
0,6359
1
1
0,6177
0,4768
1
0,6829
1
0,6464
0,6751
1
0,8485
0,6488
1
1
0,7896
0,7204
1
0,5172
0,6833
0,7117
0,6679
1
0,7191
0,5363
0,674
0,7242
1
1
1
0,6671
1
0,6724
1
0,5275
1
0,603
1
1
0,5904
1
0,6515
0,6794
0,6301
0,6608
1
0,7949
1
1
1
0,8078
0,6473
1
0,6853
0,6677
0,6785
1
1
1
0,6866
0,6151
0,3983
0,6306
1
0,5699
0,6434
1
0,6914
0,6342
1
0,6787
0,6856
1
1
0,6392
0,6482
0,6794
0,6354
1
1
0,7031
1
0,6721
1
1
0,6308
1
0,4814
0,6257
1
0,683
1
0,6996
0,6522
0,6564
1
1
0,6338
0,6211
0,6735
1
0,6852
0,6557
0,6782
0,6829
1
1
1
1
0,6906
0,634
0,6477
1
0,7425
0,6616
0,8427
1
0,567
0,6553
0,6253
0,6734
1
1
1
1
1
0,682
1
0,6265
0,6288
1
0,7872
0,4824
1
1
0,8009
0,6815
1
1
0,8215
1
0,8094
1
0,6579
0,6367
1
0,7094
0,6755
1
1
0,7127
0,7146
0,5046
0,6622
1
1
0,8067
1
1
0,6032
1
1
1
0,6545
0,3483
0,6135
1
0,6718
1
0,6737
0,7167
0,6702
0,6765
1
1
0,6472
0,5952
0,5917
1
0,7113
0,6971
0,6756
0,6708
0,5922
1
0,6597
1
1
1
0,362
0,695
0,8409
1
1
0,5071
0,6842
1
1
0,6473
1
0,4947
1
0,6703
1
1
1
1
1
0,5286
0,8443
0,6632
0,6417
0,7917
0,6875
0,5
0,6044
1
1
0,8786
0,5254
0,7209
0,6798
0,6734
0,7844
1
0,7945
0,7894
1
0,6735
0,6615
0,497
0,6912
0,6882
0,7296
0,7837
0,6591
0,8292
1
0,6872
1
1
0,4802
0,7989
0,6683
0,6591
1
0,6915
0,7586
0,6916
0,6444
1
0,6571
1
1
1
0,7115
1
1
0,4805
0,9289
1
0,6597
0,4928
1
1
0,6419
1
1
0,7343
0,6927
0,7057
0,6642
0,6471
1
0,6809
1
1
0,6528
1
0,4377
0,8185
1
0,7307
0,6549
1
0,6575
1
1
0,6742
0,6468
0,6432
0,7103
0,5098
0,6515
1
0,7085
1
0,7251
1
0,6254
1
0,7035
0,681
0,6722
0,4818
0,676
0,6565
1
1
0,354
0,4961
1
0,7064
0,477
1
0,656
1
1
0,66
0,7012
0,4683
1
0,8149
1
0,6805
1
1
0,6512
1
0,6579
0,657
0,6796
0,6659
1
0,6811
1
0,6748
0,3346
1
0,6534
1
1
0,6818
0,3459
1
0,7096
1
0,7991
0,6611
0,6457
1
0,6666
1
1
1
0,6766
0,6616
1
1
1
1
0,6916
1
1
0,654
0,6729
0,3463
0,75
0,6842
1
0,648
0,7084
1
0,6479
1
1
0,6532
0,641
0,6654
1
0,6505
0,8856
0,6267
0,8025
1
1
0,7991
1
1
1
0,5121
0,6329
0,6642
1
1
1
0,3813
1
0,4751
0,5565
0,9279
0,6825
0,6361
1
0,7772
0,6682
0,6745
0,6478
1
0,6862
1
0,7033
0,6695
1
0,6015
0,6965
0,6729
0,6513
1
0,6882
0,6278
0,663
1
1
0,8085
1
1
0,5293
0,6497
0,6778
1
0,8268
1
0,6797
0,6677
1
1
0,7314
0,6051
1
1
0,5889
0,7034
0,8125
1
0,693
0,6998
0,6418
0,6634
0,6586
0,819
0,6615
0,7045
1
1
0,507
0,6736
0,7919
0,6544
1
1
0,6652
0,6517
0,6858
0,3394
0,6694
0,6833
1
1
1
1
1
1
1
1
1
0,6746
1
0,6986
1
0,6595
1
1
1
0,8373
0,6432
0,6504
0,7667
1
1
1
1
1
0,6924
0,7273
0,6378
1
1
0,698
0,5083
0,6739
0,6666
0,6762
0,6609
1
0,6761
1
1
1
0,6429
1
0,5846
0,662
1
1
0,697
0,6656
0,6869
0,8118
1
0,6502
0,658
0,5995
1
0,6751
1
0,8191
0,7051
0,6738
0,6439
0,7246
0,6245
0,6822
0,3545
1
0,3522
1
0,6421
1
1
0,8077
1
1
0,6616
1
0,6731
1
1
0,8176
0,6537
0,662
0,669
1
1
1
0,6471
0,6646
0,6355
0,6535
1
0,6415
0,6538
0,5101
0,6902
0,65
1
1
0,6919
0,7122
1
1
1
1
1
0,479
0,6831
0,6729
1
1
0,6743
1
0,4945
1
0,6581
0,776
1
1
0,5984
0,6894
1
0,6404
1
1
1
0,8946
0,6462
1
1
0,689
0,8103
0,6135
0,7116
0,6594
1
0,8023
0,6463
0,6532
1
1
1
0,6713
1
0,8064
0,6616
1
1
0,6015
1
0,4739
0,6472
0,654
0,6402
0,4834
0,66
0,4819
1
1
0,6558
0,6777
0,6323
1
0,6624
0,6665
0,6402
1
1
0,7154
1
0,407
0,629
0,605
0,6891
1
0,6464
0,6665
0,6651
1
1
0,6801
0,673
0,6843
1
1
1
0,4503
1
0,6743
1
0,708
0,6397
1
0,6612
1
0,6963
0,6694
0,6833
0,5148
1
1
0,6756
1
1
1
0,6777
0,6474
1
0,3434
1
0,5307
0,6554
1
1
0,665
1
1
0,6657
1
1
1
0,6812
1
0,4524
1
0,5038
1
0,6611
0,6978
0,6489
0,5349
1
0,6438
0,6356
0,6885
0,5833
0,6879
0,7008
0,4761
1
1
0,691
0,6405
0,7971
0,777
1
1
0,6865
0,6804
0,688
0,4938
0,4833
1
1
1
0,7194
0,6693
1
0,646
1
1
1
1
1
1
1
1
1
0,9582
0,6661
0,7994
0,6597
0,7137
0,7104
1
0,5096
0,6503
1
0,6702
0,6386
0,6941
1
1
1
0,3843
1
0,6603
0,4906
0,8892
1
1
1
0,8008
1
0,8256
1
0,6419
1
1
1
0,6865
0,6638
1
0,4498
0,5873
0,6061
0,798
1
0,684
0,5678
1
1
1
1
1
1
1
1
0,6637
1
1
0,709
0,6568
0,4568
0,6628
0,6239
0,3743
0,4722
1
1
1
0,6657
0,8248
0,6416
1
0,6807
0,703
0,6737
0,6218
0,6648
1
0,6674
1
1
0,7136
0,6665
0,7862
0,6559
0,6021
1
1
1
0,6897
1
0,6737
1
0,6727
0,6591
1
1
1
1
0,4558
1
1
0,6982
1
1
0,6596
0,6528
1
0,7012
0,6588
1
0,6702
1
1
1
0,8084
1
0,6584
1
0,7147
0,6685
0,63
0,6733
1
0,4686
1
1
0,6699
0,6608
0,6803
0,6163
1
0,6167
0,6608
1
1
1
0,4946
0,6661
0,6917
1
1
1
0,6829
1
1
0,7077
1
0,6501
0,7597
0,5996
0,6528
0,4091
0,6874
1
1
1
1
1
0,6866
1
1
0,6581
0,4938
1
0,6407
1
0,6991
1
1
1
1
1
0,511
0,6842
1
0,3568
1
0,7739
0,7788
0,6575
0,9135
1
0,6608
1
0,6792
1
0,6648
1
0,6248
0,6574
0,4839
1
0,5092
1
0,3567
0,832
0,66
1
0,6094
0,6482
1
0,6989
1
0,6751
0,6316
0,6697
1
1
1
0,9438
0,7063
1
0,6473
1
0,8113
0,6448
0,6561
0,7114
0,8017
0,8172
1
0,6754
0,6407
1
0,6688
1
0,8465
1
0,6769
0,3792
0,6399
0,7927
0,646
0,7132
0,63
1
0,8037
1
0,6365
0,6939
0,6822
1
1
0,6928
0,695
0,6765
0,3755
0,7144
0,6663
1
1
0,7165
0,7104
0,3522
0,689
1
0,6352
1
0,6917
1
0,6482
1
0,6373
0,8221
1
1
1
0,6677
0,5314
0,7113
1
0,6462
1
0,4918
1
1
0,8842
0,4405
0,6394
0,6656
0,7949
0,5097
0,6424
0,6368
1
1
1
0,6672
1
1
1
1
0,508
1
0,8133
1
0,794
0,6421
1
1
0,6679
1
1
0,6576
0,6364
0,6569
1
1
1
1
1
1
0,8182
0,8678
0,6858
1
0,7941
1
0,6733
1
1
0,7301
1
0,4934
0,6975
1
0,6696
0,7095
1
1
0,6207
1
1
1
0,6216
0,6972
0,656
1
1
1
1
1
1
0,6495
1
0,6766
1
0,6957
1
0,9174
0,6644
0,6708
0,3465
1
0,6796
1
1
1
1
0,5804
0,681
0,7158
1
1
0,3461
0,6607
1
1
1
0,6542
0,6364
1
0,6377
0,9324
0,7177
0,6387
1
1
0,7749
0,6881
0,6699
0,6455
0,6354
0,6437
0,6934
1
1
0,7
0,3515
1
1
1
0,6474
0,6706
1
1
0,5727
0,6812
0,6723
1
0,7739
0,6446
1
0,6583
0,6558
1
0,6275
0,6567
0,3513
0,7158
1
0,7881
0,3638
0,37
1
0,8199
1
1
1
0,7029
0,664
1
0,6818
0,6971
1
0,664
0,7038
1
1
0,6765
1
1
1
1
0,6729
0,5957
0,6912
1
0,6609
0,6599
0,6386
1
1
1
0,6027
0,5091
0,6446
0,7171
0,6856
0,5109
0,4286
0,5898
0,6491
1
0,7259
1
1
1
1
0,3582
1
0,6935
0,5941
0,655
0,6628
1
0,6038
1
0,4701
0,6572
0,6966
1
0,6292
1
1
0,4997
0,7436
0,6017
0,6876
1
0,5214
0,6634
0,6716
0,6585
1
1
0,3457
1
0,6153
0,6594
1
0,6923
0,7887
0,9231
1
1
0,6563
1
0,6669
1
0,6241
1
1
0,6552
1
0,511
0,653
0,4911
1
1
0,6789
1
0,6961
0,6603
0,6803
0,6497
1
1
0,6732
1
0,6871
0,6269
1
0,6674
0,625
1
0,6778
0,7008
0,6684
0,6512
0,8239
0,6771
0,6644
1
0,6648
1
0,668
0,6489
0,5857
0,4843
1
1
1
1
1
0,6904
0,6766
0,662
1
1
0,6122
0,6602
0,6674
1
0,599
0,6717
1
1
1
1
1
0,6882
0,3583
0,6642
1
0,6582
1
0,6933
0,7159
1
0,7021
1
1
1
1
0,6764
0,6707
0,6822
1
0,349
1
1
0,6899
0,6486
1
0,694
0,5179
0,8026
1
0,6669
1
0,798
0,6329
0,7879
1
1
0,6487
1
0,8541
1
1
1
1
0,8838
0,6957
0,9145
0,6598
1
0,6716
0,6377
1
0,6749
0,6535
0,6609
1
0,6627
1
0,611
0,6441
1
0,7081
0,6952
1
1
1
0,6953
0,6214
0,6612
0,6803
1
0,7064
0,6709
0,6681
0,3544
0,6818
0,6658
1
0,6869
1
1
0,6772
1
0,6602
0,6809
0,8298
1
0,6722
0,79
1
1
1
1
1
1
0,7239
0,6969
0,6505
0,7141
1
0,6657
0,7953
0,5911
1
1
0,5896
0,6222
1
0,4683
0,6231
0,7189
0,7185
1
1
1
1
0,6741
0,6919
0,83
0,8106
0,6634
1
0,6699
0,6372
0,7053
0,6641
0,7954
0,8222
1
0,6921
1
0,6306
1
0,6795
0,6196
1
0,6381
1
0,6592
0,5122
0,6506
0,6695
0,6815
0,9272
1
0,6779
0,4146
1
1
1
0,6034
1
0,5786
1
0,6569
0,797
0,6752
0,3782
0,6208
1
0,6409
1
0,6825
0,6725
0,7092
0,6563
1
0,7087
0,7164
0,5988
0,6602
0,704
0,6458
1
0,6491
0,6551
0,6906
0,6647
0,7585
1
0,5532
0,654
1
1
0,6702
0,4748
0,8878
1
1
1
1
1
1
0,6901
1
1
1
0,6314
1
1
0,6
1
0,5133
1
1
0,6301
0,6844
1
0,5121
0,708
0,6792
0,6671
1
0,6756
0,6934
0,6678
1
0,8037
1